2108
3154
4322
3207
4745
1838
644
2790
1839
3654
5104
5123
2725
578
2224
2481
2830
5233
3723
1094
4630
4346
5487
4945
4305
4116
1250
989
2838
2463
3635
5197
2709
2130
3724
2408
2237
4974
2420
2872
793
4355
2234
5061
1556
3106
3684
2575
3882
4619
2241
932
5184
3279
2779
3783
1167
1336
4625
4618
3237
3528
2619
1077
1237
4591
1056
3295
1560
2401
4293
3932
2636
5080
5375
1407
1684
3574
4219
2290
976
541
3851
3829
1790
3474
3572
4091
2689
1287
1990
3739
5393
3553
2563
1181
1403
2505
4676
3979
2195
1639
2968
4498
1583
4139
5015
3121
5493
1326
1222
4338
5328
3081
4899
4478
2391
1523
2443
5334
4743
2849
3202
4207
1002
641
1187
3846
1391
5137
3913
1900
3316
2190
3662
4435
4626
4910
5377
1882
1760
2689
2205
4374
3163
1222
2695
3066
1860
1538
4088
3311
3745
4967
2925
2367
3689
1042
3563
2047
1002
5117
4599
523
2726
1703
548
1551
2070
4136
4958
1467
3956
4905
2031
5462
2319
3475
1056
3031
1995
3544
1091
2303
3888
4415
2950
2819
1772
1291
4883
633
2275
5142
4069
3800
3454
2578
4085
2757
833
1393
990
603
5250
2733
1222
4771
5111
4490
838
2141
3758
4547
2852
5158
979
802
3183
4490
502
1068
4922
2395
1635
3508
2861
2242
2694
4199
3688
678
4542
1857
4441
2347
2969
1845
4880
2413
5464
1210
561
885
573
3004
4962
3203
3602
1569
654
4029
2052
2574
4649
4230
2744
1344
3549
4618
4565
1863
5052
4273
3970
5231
2247
3011
1369
4898
998
2603
2852
1179
3553
3543
5022
1588
2063
1334
5350
2522
2740
2411
4992
1151
4080
977
3116
5376
4678
720
5115
2848
2298
2679
2135
2357
3383
2162
4402
3762
4920
5270
4522
4773
1341
3186
4388
4417
2217
2392
4198
1767
2249
565
889
2432
1119
1581
2503
4630
3528
4131
5089
3652
4130
4672
5364
1907
2795
928
5181
3990
2110
1677
1571
736
1959
1143
2340
3133
2537
4393
3130
774
3493
4282
2703
2961
3790
5162
2807
1497
1651
3923
4390
2217
2140
4203
1066
5383
4161
3159
3745
886
3151
3265
5101
2340
2709
1997
2783
4750
3558
3921
675
1081
2287
3771
4787
3499
3004
5479
2638
1200
1030
2961
2618
705
3040
4328
4959
2122
4898
4260
2598
3435
981
1114
5067
3993
4096
4661
3246
1038
3170
1038
1976
2055
5417
1871
2260
1252
4258
933
2755
4565
1226
2901
3534
3259
893
1048
2773
4292
1693
3433
637
2603
4190
3711
4194
5168
3127
2998
1489
748
4379
2147
1649
1431
1169
1375
1098
949
936
5099
623
1943
2231
3654
3361
4934
4885
4467
1316
1893
2204
5366
1453
808
3723
4184
1292
3167
548
2969
4430
1311
5314
1590
927
4243
2104
1099
1974
2695
1006
658
3089
5358
3309
3389
1947
540
4318
4864
3475
526
589
3003
566
1912
2340
3070
5176
895
4141
5486
3151
1609
3687
583
1585
3890
1750
4186
5255
1881
3628
1002
4777
1362
1924
4065
4372
1332
1385
4928
2146
1389
1978
1383
5425
1765
1760
545
1278
1321
4355
3020
3427
5273
634
2751
3175
3836
1834
1501
3237
4810
1474
3090
856
1571
2580
1435
2645
2782
2325
4218
4073
5212
3537
5498
5405
2662
2217
4192
5039
3547
1446
4603
731
4615
1339
1358
1329
3145
3894
2699
5145
4772
1175
2362
2572
4273
2980
1738
2397
4042
5108
4703
3777
1625
634
1901
4578
3882
669
1236
2978
3439
1638
4221
1926
1163
2177
2075
2224
1481
3200
3461
4362
1502
3948
595
1184
4516
637
5007
4493
1784
3444
759
1321
2558
5143
3168
1177
619
5357
3541
4391
764
2123
2415
3572
3429
1341
5215
3115
3036
5457
3259
1200
3952
593
4741
2329
2948
727
2298
1724
824
2774
3633
3385
538
2670
2362
3129
584
2409
5378
2423
2585
4900
3524
4693
3605
4912
1265
1267
907
1177
4284
1204
5290
5334
1391
1121
3585
3234
690
1042
3498
2586
2518
1121
924
3097
1876
4754
5169
3608
3427
2993
1568
1866
4602
2938
3100
1319
4818
2790
5484
1839
3056
1308
5132
1978
2314
4287
2739
3574
520
1327
3054
2488
2941
2298
4142
4502
1821
604
4446
2556
4009
5333
3208
5261
2033
1186
5304
1885
642
4342
2760
2661
2120
4843
5078
1687
613
3563
5091
1434
915
1156
5261
512
3911
2459
1751
4238
3870
1624
1007
3507
3084
1451
3601
4989
5458
941
2290
2513
912
5355
1560
2593
3972
902
3176
4043
2873
1766
3151
775
2028
1032
1261
969
3003
3229
2607
3392
2951
3453
3892
3070
4019
4972
3907
2994
5005
3940
883
4762
1909
4107
3538
4860
971
1671
1154
5447
2014
5023
1729
989
2266
3387
5256
2132
2970
1239
1166
4022
2783
3660
3053
5205
2591
1759
886
2187
5129
542
3817
2545
2856
3888
952
3654
966
2333
3260
2419
1131
2238
1767
1276
1598
4814
1820
3553
4507
1969
4716
5222
5342
4507
963
1760
1447
4293
4130
4217
3543
1876
814
2126
2617
1834
1120
4671
2292
4464
4654
4366
5193
1164
4275
3500
2712
1600
3051
976
1879
1443
3377
4289
861
1885
3772
1934
644
5061
1063
5004
3446
4388
808
2657
1930
623
1964
4574
4846
4337
2481
818
2111
1792
3091
4332
2623
1961
2491
1961
2830
3998
2869
2791
3900
4679
4617
2817
5414
2095
1941
1436
2367
2528
1953
3409
4473
3481
2003
2069
2316
2383
867
885
3902
730
2657
4181
1067
3810
2366
4187
3671
3977
1745
3264
1738
3171
2547
1615
5092
2811
3157
1905
553
2671
1080
3240
3030
4175
4820
1290
3877
1498
2086
2104
4989
5131
5244
3888
2110
4218
2419
3759
1427
5109
3619
1979
3216
1800
1896
2353
1958
1330
5093
1306
5349
5354
4772
1660
2794
2554
1833
646
4729
971
928
1059
2741
4921
3188
1866
2533
2185
2770
829
2761